0.563301
0.089361
0.110761
0.035167
0.047444
0.022551
0.023088
0.015832
0.013119
0.010634
0.008600
0.007368
0.005903
0.004914
0.004407
0.004006
0.003154
0.003154
0.002586
0.002170
0.002175
0.001699
0.001587
0.001410
0.001339
0.001075
0.000943
0.000933
0.000892
0.000974
0.000740
0.000816
0.000578
0.000619
0.000578
0.000482
0.000497
0.000284
0.000406
0.000365
0.000309
0.000299
0.000340
0.000198
0.000167
0.000259
0.000208
0.000152
0.000167
0.000167
0.000132
0.000127
0.000101
0.000157
0.000101
0.000030
0.000076
0.000051
0.000071
0.000086
0.000071
0.000041
0.000051
0.000061
0.000061
0.000081
0.000030
0.000046
0.000020
0.000020
0.000035
0.000035
0.000020
0.000025
0.000015
0.000005
0.000005
0.000020
0.000020
0.000015
0.000010
0.000010
0.000005
0.000020
0.000010
0.000010
0.000010
0.000000
0.000010
0.000010
0.000000
0.000005
0.000010
0.000005
0.000010
0.000010
0.000000
0.000000
0.000010
0.000010
0.000000
0.000000
0.000000
0.000000
0.000000
0.000005
0.000000
0.000000
0.000005
0.000000
0.000000
0.000005
0.000010
0.000000
0.000000
0.000000
0.000005
0.000000
0.000005
0.000000
0.000000
0.000000
0.000005
0.000000
0.000000
0.000000
0.000000
0.000000
0.000000
0.000000
0.000000
0.000000
0.000000
0.000000
0.000005
0.000000
0.000000
0.000000
0.000000
0.000000
0.000000
0.000000
0.000000
0.000000
0.000000
0.000000
0.000000
0.000000
0.000000
0.000000
0.000000
0.000000
0.000000
0.000000
0.000000
0.000000
0.000000
0.000005
0.000000
0.000000
0.000000
0.000000
0.000000
0.000000
0.000000
0.000000
0.000000
0.000000
0.000000
0.000000
0.000000
0.000000
0.000000
0.000000
0.000000
0.000000
0.000000
0.000000
0.000000
0.000000
0.000000
0.000000
0.000000
0.000000
0.000000
0.000000
0.000000
0.000000
0.000000
0.000000
0.000000
0.000000
0.000000
0.000000
0.000000
0.000000
0.000000
0.000000
0.000000
0.000000
0.000000
0.000000
0.000000
0.000000
0.000000
0.000000
0.000000
0.000000
0.000000
0.000000
0.000000
0.000000
0.000000
0.000000
0.000000
0.000000
0.000000
0.000000
0.000000
0.000000
0.000000
0.000000
0.000000
0.000000
0.000000
0.000000
0.000000
0.000000
0.000000
0.000000
0.000000
0.000000
0.000000
0.000000
0.000000
0.000000
0.000000
0.000000
0.000000
0.000000
0.000000
0.000000
0.000000
0.000000
0.000000
0.000000
0.000000
0.000000
0.000000
0.000000
0.000000
0.000000
0.000000
0.000000
0.000000
0.000000
